1 17036
2 3343
3 1223
4 617
5 341
6 269
7 198
8 129
9 109
10 87
11 56
12 57
13 41
14 45
15 29
16 28
17 33
18 24
19 19
20 16
21 17
22 11
23 16
24 16
25 7
26 8
27 7
28 11
29 9
30 7
31 5
32 6
33 6
34 2
35 5
36 2
37 3
38 1
39 5
40 3
41 1
42 1
43 3
44 4
45 4
46 4
48 2
50 3
51 1
52 2
53 2
54 2
55 5
56 1
57 1
59 1
60 1
61 3
64 1
65 1
66 2
67 1
68 2
69 2
70 1
72 1
73 1
76 1
77 1
78 1
80 2
83 1
86 1
87 1
91 2
93 1
94 1
96 1
97 1
99 1
100 1
101 1
103 1
105 1
111 2
113 1
114 1
125 1
157 1
217 1
141 1
148 1
194 1
184 1
176 1
